,FID,OID_,lat,lon
0,0,0,33.625,111.875
1,1,0,33.875,107.875
2,2,0,33.875,108.125
3,3,0,33.875,108.375
4,4,0,33.875,108.625
5,5,0,33.875,108.875
6,6,0,33.875,112.125
7,7,0,34.125,105.625
8,8,0,34.125,106.375
9,9,0,34.125,107.875
10,10,0,34.125,108.125
11,11,0,34.125,108.375
12,12,0,34.125,108.625
13,13,0,34.125,108.875
14,14,0,34.125,109.125
15,15,0,34.125,109.375
16,16,0,34.125,109.625
17,17,0,34.125,111.375
18,18,0,34.125,111.875
19,19,0,34.125,112.125
20,20,0,34.375,105.625
21,21,0,34.375,105.875
22,22,0,34.375,106.125
23,23,0,34.375,106.375
24,24,0,34.375,106.625
25,25,0,34.375,106.875
26,26,0,34.375,107.125
27,27,0,34.375,107.375
28,28,0,34.375,107.625
29,29,0,34.375,107.875
30,30,0,34.375,108.125
31,31,0,34.375,108.375
32,32,0,34.375,108.625
33,33,0,34.375,108.875
34,34,0,34.375,109.125
35,35,0,34.375,109.375
36,36,0,34.375,109.625
37,37,0,34.375,109.875
38,38,0,34.375,110.625
39,39,0,34.375,110.875
40,40,0,34.375,111.375
41,41,0,34.375,111.625
42,42,0,34.375,111.875
43,43,0,34.375,112.125
44,44,0,34.375,112.375
45,45,0,34.375,112.625
46,46,0,34.625,104.375
47,47,0,34.625,104.625
48,48,0,34.625,104.875
49,49,0,34.625,105.125
50,50,0,34.625,105.375
51,51,0,34.625,105.625
52,52,0,34.625,105.875
53,53,0,34.625,106.125
54,54,0,34.625,106.375
55,55,0,34.625,106.625
56,56,0,34.625,106.875
57,57,0,34.625,107.125
58,58,0,34.625,107.375
59,59,0,34.625,107.625
60,60,0,34.625,107.875
61,61,0,34.625,108.125
62,62,0,34.625,108.375
63,63,0,34.625,108.625
64,64,0,34.625,108.875
65,65,0,34.625,109.125
66,66,0,34.625,109.375
67,67,0,34.625,109.625
68,68,0,34.625,109.875
69,69,0,34.625,110.125
70,70,0,34.625,110.375
71,71,0,34.625,110.625
72,72,0,34.625,110.875
73,73,0,34.625,111.125
74,74,0,34.625,111.375
75,75,0,34.625,111.625
76,76,0,34.625,111.875
77,77,0,34.625,112.125
78,78,0,34.625,112.375
79,79,0,34.625,112.625
80,80,0,34.625,112.875
81,81,0,34.625,113.125
82,82,0,34.875,104.125
83,83,0,34.875,104.375
84,84,0,34.875,104.625
85,85,0,34.875,104.875
86,86,0,34.875,105.125
87,87,0,34.875,105.375
88,88,0,34.875,105.625
89,89,0,34.875,105.875
90,90,0,34.875,106.125
91,91,0,34.875,106.375
92,92,0,34.875,106.625
93,93,0,34.875,106.875
94,94,0,34.875,107.125
95,95,0,34.875,107.375
96,96,0,34.875,107.625
97,97,0,34.875,107.875
98,98,0,34.875,108.125
99,99,0,34.875,108.375
100,100,0,34.875,108.625
101,101,0,34.875,108.875
102,102,0,34.875,109.125
103,103,0,34.875,109.375
104,104,0,34.875,109.625
105,105,0,34.875,109.875
106,106,0,34.875,110.125
107,107,0,34.875,110.375
108,108,0,34.875,110.625
109,109,0,34.875,110.875
110,110,0,34.875,111.125
111,111,0,34.875,111.375
112,112,0,34.875,111.625
113,113,0,34.875,111.875
114,114,0,34.875,112.125
115,115,0,34.875,112.375
116,116,0,34.875,113.375
117,117,0,35.125,102.125
118,118,0,35.125,103.625
119,119,0,35.125,103.875
120,120,0,35.125,104.125
121,121,0,35.125,104.375
122,122,0,35.125,104.625
123,123,0,35.125,104.875
124,124,0,35.125,105.125
125,125,0,35.125,105.375
126,126,0,35.125,105.625
127,127,0,35.125,105.875
128,128,0,35.125,106.125
129,129,0,35.125,106.375
130,130,0,35.125,106.625
131,131,0,35.125,106.875
132,132,0,35.125,107.125
133,133,0,35.125,107.375
134,134,0,35.125,107.625
135,135,0,35.125,107.875
136,136,0,35.125,108.125
137,137,0,35.125,108.375
138,138,0,35.125,108.625
139,139,0,35.125,108.875
140,140,0,35.125,109.125
141,141,0,35.125,109.375
142,142,0,35.125,109.625
143,143,0,35.125,109.875
144,144,0,35.125,110.125
145,145,0,35.125,110.375
146,146,0,35.125,110.625
147,147,0,35.125,110.875
148,148,0,35.125,111.125
149,149,0,35.125,111.375
150,150,0,35.125,111.625
151,151,0,35.125,111.875
152,152,0,35.125,112.125
153,153,0,35.125,112.375
154,154,0,35.125,112.625
155,155,0,35.375,101.875
156,156,0,35.375,102.125
157,157,0,35.375,103.125
158,158,0,35.375,103.375
159,159,0,35.375,103.625
160,160,0,35.375,103.875
161,161,0,35.375,104.125
162,162,0,35.375,104.375
163,163,0,35.375,104.625
164,164,0,35.375,104.875
165,165,0,35.375,105.125
166,166,0,35.375,105.375
167,167,0,35.375,105.625
168,168,0,35.375,105.875
169,169,0,35.375,106.125
170,170,0,35.375,106.375
171,171,0,35.375,106.625
172,172,0,35.375,106.875
173,173,0,35.375,107.125
174,174,0,35.375,107.375
175,175,0,35.375,107.625
176,176,0,35.375,107.875
177,177,0,35.375,108.125
178,178,0,35.375,108.375
179,179,0,35.375,108.625
180,180,0,35.375,108.875
181,181,0,35.375,109.125
182,182,0,35.375,109.375
183,183,0,35.375,109.625
184,184,0,35.375,109.875
185,185,0,35.375,110.125
186,186,0,35.375,110.375
187,187,0,35.375,110.625
188,188,0,35.375,110.875
189,189,0,35.375,111.125
190,190,0,35.375,111.375
191,191,0,35.375,111.625
192,192,0,35.375,111.875
193,193,0,35.375,112.125
194,194,0,35.375,112.375
195,195,0,35.375,112.625
196,196,0,35.375,112.875
197,197,0,35.375,113.125
198,198,0,35.625,101.625
199,199,0,35.625,101.875
200,200,0,35.625,102.125
201,201,0,35.625,102.375
202,202,0,35.625,102.625
203,203,0,35.625,102.875
204,204,0,35.625,103.125
205,205,0,35.625,103.375
206,206,0,35.625,103.625
207,207,0,35.625,103.875
208,208,0,35.625,104.125
209,209,0,35.625,104.375
210,210,0,35.625,104.625
211,211,0,35.625,104.875
212,212,0,35.625,105.125
213,213,0,35.625,105.375
214,214,0,35.625,105.625
215,215,0,35.625,105.875
216,216,0,35.625,106.125
217,217,0,35.625,106.375
218,218,0,35.625,106.625
219,219,0,35.625,106.875
220,220,0,35.625,107.125
221,221,0,35.625,107.375
222,222,0,35.625,107.625
223,223,0,35.625,107.875
224,224,0,35.625,108.125
225,225,0,35.625,108.375
226,226,0,35.625,108.625
227,227,0,35.625,108.875
228,228,0,35.625,109.125
229,229,0,35.625,109.375
230,230,0,35.625,109.625
231,231,0,35.625,109.875
232,232,0,35.625,110.125
233,233,0,35.625,110.375
234,234,0,35.625,110.625
235,235,0,35.625,110.875
236,236,0,35.625,111.125
237,237,0,35.625,111.375
238,238,0,35.625,111.625
239,239,0,35.625,111.875
240,240,0,35.625,112.125
241,241,0,35.625,112.375
242,242,0,35.625,112.625
243,243,0,35.625,112.875
244,244,0,35.625,113.125
245,245,0,35.625,113.375
246,246,0,35.875,101.375
247,247,0,35.875,101.625
248,248,0,35.875,101.875
249,249,0,35.875,102.125
250,250,0,35.875,102.375
251,251,0,35.875,102.625
252,252,0,35.875,102.875
253,253,0,35.875,103.125
254,254,0,35.875,103.375
255,255,0,35.875,103.625
256,256,0,35.875,103.875
257,257,0,35.875,104.125
258,258,0,35.875,104.375
259,259,0,35.875,104.625
260,260,0,35.875,104.875
261,261,0,35.875,105.125
262,262,0,35.875,105.375
263,263,0,35.875,105.625
264,264,0,35.875,105.875
265,265,0,35.875,106.125
266,266,0,35.875,106.375
267,267,0,35.875,106.625
268,268,0,35.875,106.875
269,269,0,35.875,107.125
270,270,0,35.875,107.375
271,271,0,35.875,107.625
272,272,0,35.875,107.875
273,273,0,35.875,108.125
274,274,0,35.875,108.375
275,275,0,35.875,108.625
276,276,0,35.875,108.875
277,277,0,35.875,109.125
278,278,0,35.875,109.375
279,279,0,35.875,109.625
280,280,0,35.875,109.875
281,281,0,35.875,110.125
282,282,0,35.875,110.375
283,283,0,35.875,110.625
284,284,0,35.875,110.875
285,285,0,35.875,111.125
286,286,0,35.875,111.375
287,287,0,35.875,111.625
288,288,0,35.875,111.875
289,289,0,35.875,112.125
290,290,0,35.875,112.375
291,291,0,35.875,112.625
292,292,0,35.875,112.875
293,293,0,35.875,113.125
294,294,0,35.875,113.375
295,295,0,35.875,113.625
296,296,0,36.125,101.125
297,297,0,36.125,101.375
298,298,0,36.125,101.625
299,299,0,36.125,101.875
300,300,0,36.125,102.125
301,301,0,36.125,102.375
302,302,0,36.125,102.625
303,303,0,36.125,102.875
304,304,0,36.125,103.125
305,305,0,36.125,103.375
306,306,0,36.125,103.625
307,307,0,36.125,103.875
308,308,0,36.125,104.125
309,309,0,36.125,104.375
310,310,0,36.125,104.625
311,311,0,36.125,104.875
312,312,0,36.125,105.125
313,313,0,36.125,105.375
314,314,0,36.125,105.625
315,315,0,36.125,105.875
316,316,0,36.125,106.125
317,317,0,36.125,106.375
318,318,0,36.125,106.625
319,319,0,36.125,106.875
320,320,0,36.125,107.125
321,321,0,36.125,107.375
322,322,0,36.125,107.625
323,323,0,36.125,107.875
324,324,0,36.125,108.125
325,325,0,36.125,108.375
326,326,0,36.125,108.625
327,327,0,36.125,108.875
328,328,0,36.125,109.125
329,329,0,36.125,109.375
330,330,0,36.125,109.625
331,331,0,36.125,109.875
332,332,0,36.125,110.125
333,333,0,36.125,110.375
334,334,0,36.125,110.625
335,335,0,36.125,110.875
336,336,0,36.125,111.125
337,337,0,36.125,111.375
338,338,0,36.125,111.625
339,339,0,36.125,111.875
340,340,0,36.125,112.125
341,341,0,36.125,112.375
342,342,0,36.125,112.625
343,343,0,36.125,112.875
344,344,0,36.125,113.125
345,345,0,36.125,113.375
346,346,0,36.125,113.625
347,347,0,36.375,101.375
348,348,0,36.375,101.625
349,349,0,36.375,101.875
350,350,0,36.375,102.125
351,351,0,36.375,102.375
352,352,0,36.375,102.625
353,353,0,36.375,102.875
354,354,0,36.375,103.125
355,355,0,36.375,103.375
356,356,0,36.375,103.625
357,357,0,36.375,103.875
358,358,0,36.375,104.125
359,359,0,36.375,104.375
360,360,0,36.375,104.625
361,361,0,36.375,104.875
362,362,0,36.375,105.125
363,363,0,36.375,105.375
364,364,0,36.375,105.625
365,365,0,36.375,105.875
366,366,0,36.375,106.125
367,367,0,36.375,106.375
368,368,0,36.375,106.625
369,369,0,36.375,106.875
370,370,0,36.375,107.125
371,371,0,36.375,107.375
372,372,0,36.375,107.625
373,373,0,36.375,107.875
374,374,0,36.375,108.125
375,375,0,36.375,108.375
376,376,0,36.375,108.625
377,377,0,36.375,108.875
378,378,0,36.375,109.125
379,379,0,36.375,109.375
380,380,0,36.375,109.625
381,381,0,36.375,109.875
382,382,0,36.375,110.125
383,383,0,36.375,110.375
384,384,0,36.375,110.625
385,385,0,36.375,110.875
386,386,0,36.375,111.125
387,387,0,36.375,111.375
388,388,0,36.375,111.625
389,389,0,36.375,111.875
390,390,0,36.375,112.125
391,391,0,36.375,112.375
392,392,0,36.375,112.625
393,393,0,36.375,112.875
394,394,0,36.375,113.125
395,395,0,36.375,113.375
396,396,0,36.375,113.625
397,397,0,36.625,101.125
398,398,0,36.625,101.375
399,399,0,36.625,101.625
400,400,0,36.625,101.875
401,401,0,36.625,102.125
402,402,0,36.625,102.375
403,403,0,36.625,102.625
404,404,0,36.625,103.125
405,405,0,36.625,103.375
406,406,0,36.625,103.625
407,407,0,36.625,103.875
408,408,0,36.625,104.125
409,409,0,36.625,104.375
410,410,0,36.625,104.625
411,411,0,36.625,104.875
412,412,0,36.625,105.125
413,413,0,36.625,105.375
414,414,0,36.625,105.625
415,415,0,36.625,105.875
416,416,0,36.625,106.125
417,417,0,36.625,106.375
418,418,0,36.625,106.625
419,419,0,36.625,106.875
420,420,0,36.625,107.125
421,421,0,36.625,107.375
422,422,0,36.625,107.625
423,423,0,36.625,107.875
424,424,0,36.625,108.125
425,425,0,36.625,108.375
426,426,0,36.625,108.625
427,427,0,36.625,108.875
428,428,0,36.625,109.125
429,429,0,36.625,109.375
430,430,0,36.625,109.625
431,431,0,36.625,109.875
432,432,0,36.625,110.125
433,433,0,36.625,110.375
434,434,0,36.625,110.625
435,435,0,36.625,110.875
436,436,0,36.625,111.125
437,437,0,36.625,111.375
438,438,0,36.625,111.625
439,439,0,36.625,111.875
440,440,0,36.625,112.125
441,441,0,36.625,112.375
442,442,0,36.625,112.625
443,443,0,36.625,112.875
444,444,0,36.625,113.125
445,445,0,36.625,113.375
446,446,0,36.875,101.375
447,447,0,36.875,101.625
448,448,0,36.875,101.875
449,449,0,36.875,102.125
450,450,0,36.875,102.375
451,451,0,36.875,102.625
452,452,0,36.875,103.125
453,453,0,36.875,103.375
454,454,0,36.875,103.625
455,455,0,36.875,103.875
456,456,0,36.875,104.125
457,457,0,36.875,104.375
458,458,0,36.875,104.625
459,459,0,36.875,104.875
460,460,0,36.875,105.125
461,461,0,36.875,105.375
462,462,0,36.875,105.625
463,463,0,36.875,105.875
464,464,0,36.875,106.125
465,465,0,36.875,106.375
466,466,0,36.875,106.625
467,467,0,36.875,106.875
468,468,0,36.875,107.125
469,469,0,36.875,107.375
470,470,0,36.875,107.625
471,471,0,36.875,107.875
472,472,0,36.875,108.125
473,473,0,36.875,108.375
474,474,0,36.875,108.625
475,475,0,36.875,108.875
476,476,0,36.875,109.125
477,477,0,36.875,109.375
478,478,0,36.875,109.625
479,479,0,36.875,109.875
480,480,0,36.875,110.125
481,481,0,36.875,110.375
482,482,0,36.875,110.625
483,483,0,36.875,110.875
484,484,0,36.875,111.125
485,485,0,36.875,111.375
486,486,0,36.875,111.625
487,487,0,36.875,111.875
488,488,0,36.875,112.125
489,489,0,36.875,112.375
490,490,0,36.875,112.625
491,491,0,36.875,112.875
492,492,0,36.875,113.125
493,493,0,36.875,113.375
494,494,0,36.875,113.625
495,495,0,37.125,101.375
496,496,0,37.125,101.625
497,497,0,37.125,101.875
498,498,0,37.125,102.125
499,499,0,37.125,102.375
500,500,0,37.125,103.875
501,501,0,37.125,104.125
502,502,0,37.125,104.375
503,503,0,37.125,104.625
504,504,0,37.125,104.875
505,505,0,37.125,105.125
506,506,0,37.125,105.375
507,507,0,37.125,105.625
508,508,0,37.125,105.875
509,509,0,37.125,106.125
510,510,0,37.125,106.375
511,511,0,37.125,106.625
512,512,0,37.125,106.875
513,513,0,37.125,107.125
514,514,0,37.125,107.375
515,515,0,37.125,107.625
516,516,0,37.125,107.875
517,517,0,37.125,108.125
518,518,0,37.125,108.375
519,519,0,37.125,108.625
520,520,0,37.125,108.875
521,521,0,37.125,109.125
522,522,0,37.125,109.375
523,523,0,37.125,109.625
524,524,0,37.125,109.875
525,525,0,37.125,110.125
526,526,0,37.125,110.375
527,527,0,37.125,110.625
528,528,0,37.125,110.875
529,529,0,37.125,111.125
530,530,0,37.125,111.375
531,531,0,37.125,111.625
532,532,0,37.125,111.875
533,533,0,37.125,112.125
534,534,0,37.125,112.375
535,535,0,37.125,112.625
536,536,0,37.125,112.875
537,537,0,37.125,113.125
538,538,0,37.125,113.375
539,539,0,37.125,113.625
540,540,0,37.375,101.125
541,541,0,37.375,101.375
542,542,0,37.375,101.625
543,543,0,37.375,101.875
544,544,0,37.375,102.125
545,545,0,37.375,103.875
546,546,0,37.375,104.125
547,547,0,37.375,104.375
548,548,0,37.375,104.625
549,549,0,37.375,104.875
550,550,0,37.375,105.125
551,551,0,37.375,105.375
552,552,0,37.375,105.625
553,553,0,37.375,105.875
554,554,0,37.375,106.125
555,555,0,37.375,106.375
556,556,0,37.375,106.625
557,557,0,37.375,106.875
558,558,0,37.375,107.125
559,559,0,37.375,107.375
560,560,0,37.375,107.625
561,561,0,37.375,107.875
562,562,0,37.375,108.125
563,563,0,37.375,108.375
564,564,0,37.375,108.625
565,565,0,37.375,108.875
566,566,0,37.375,109.125
567,567,0,37.375,109.375
568,568,0,37.375,109.625
569,569,0,37.375,109.875
570,570,0,37.375,110.125
571,571,0,37.375,110.375
572,572,0,37.375,110.625
573,573,0,37.375,110.875
574,574,0,37.375,111.125
575,575,0,37.375,111.375
576,576,0,37.375,111.625
577,577,0,37.375,111.875
578,578,0,37.375,112.125
579,579,0,37.375,112.375
580,580,0,37.375,112.625
581,581,0,37.375,112.875
582,582,0,37.375,113.125
583,583,0,37.375,113.375
584,584,0,37.375,113.625
585,585,0,37.375,113.875
586,586,0,37.625,101.375
587,587,0,37.625,101.625
588,588,0,37.625,101.875
589,589,0,37.625,103.875
590,590,0,37.625,105.125
591,591,0,37.625,105.375
592,592,0,37.625,105.625
593,593,0,37.625,105.875
594,594,0,37.625,106.125
595,595,0,37.625,106.375
596,596,0,37.625,106.625
597,597,0,37.625,106.875
598,598,0,37.625,107.125
599,599,0,37.625,107.375
600,600,0,37.625,107.625
601,601,0,37.625,107.875
602,602,0,37.625,108.125
603,603,0,37.625,108.375
604,604,0,37.625,108.625
605,605,0,37.625,108.875
606,606,0,37.625,109.125
607,607,0,37.625,109.375
608,608,0,37.625,109.625
609,609,0,37.625,109.875
610,610,0,37.625,110.125
611,611,0,37.625,110.375
612,612,0,37.625,110.625
613,613,0,37.625,110.875
614,614,0,37.625,111.125
615,615,0,37.625,111.375
616,616,0,37.625,111.625
617,617,0,37.625,111.875
618,618,0,37.625,112.125
619,619,0,37.625,112.375
620,620,0,37.625,112.625
621,621,0,37.625,112.875
622,622,0,37.625,113.125
623,623,0,37.625,113.375
624,624,0,37.625,113.625
625,625,0,37.625,113.875
626,626,0,37.875,105.875
627,627,0,37.875,106.125
628,628,0,37.875,106.375
629,629,0,37.875,106.625
630,630,0,37.875,106.875
631,631,0,37.875,107.125
632,632,0,37.875,107.375
633,633,0,37.875,107.625
634,634,0,37.875,107.875
635,635,0,37.875,108.125
636,636,0,37.875,108.375
637,637,0,37.875,108.625
638,638,0,37.875,108.875
639,639,0,37.875,109.125
640,640,0,37.875,109.375
641,641,0,37.875,109.625
642,642,0,37.875,109.875
643,643,0,37.875,110.125
644,644,0,37.875,110.375
645,645,0,37.875,110.625
646,646,0,37.875,110.875
647,647,0,37.875,111.125
648,648,0,37.875,111.375
649,649,0,37.875,111.625
650,650,0,37.875,111.875
651,651,0,37.875,112.125
652,652,0,37.875,112.375
653,653,0,37.875,112.625
654,654,0,37.875,112.875
655,655,0,37.875,113.125
656,656,0,37.875,113.375
657,657,0,37.875,113.625
658,658,0,37.875,113.875
659,659,0,38.125,105.875
660,660,0,38.125,106.125
661,661,0,38.125,106.375
662,662,0,38.125,106.625
663,663,0,38.125,106.875
664,664,0,38.125,107.125
665,665,0,38.125,107.375
666,666,0,38.125,107.625
667,667,0,38.125,107.875
668,668,0,38.125,108.125
669,669,0,38.125,108.375
670,670,0,38.125,108.625
671,671,0,38.125,108.875
672,672,0,38.125,109.125
673,673,0,38.125,109.375
674,674,0,38.125,109.625
675,675,0,38.125,109.875
676,676,0,38.125,110.125
677,677,0,38.125,110.375
678,678,0,38.125,110.625
679,679,0,38.125,110.875
680,680,0,38.125,111.125
681,681,0,38.125,111.375
682,682,0,38.125,111.625
683,683,0,38.125,111.875
684,684,0,38.125,112.125
685,685,0,38.125,112.375
686,686,0,38.125,112.625
687,687,0,38.125,112.875
688,688,0,38.125,113.125
689,689,0,38.125,113.375
690,690,0,38.125,113.625
691,691,0,38.375,105.875
692,692,0,38.375,106.125
693,693,0,38.375,106.375
694,694,0,38.375,106.625
695,695,0,38.375,106.875
696,696,0,38.375,107.125
697,697,0,38.375,107.375
698,698,0,38.375,107.625
699,699,0,38.375,107.875
700,700,0,38.375,108.125
701,701,0,38.375,108.375
702,702,0,38.375,108.625
703,703,0,38.375,108.875
704,704,0,38.375,109.125
705,705,0,38.375,109.375
706,706,0,38.375,109.625
707,707,0,38.375,109.875
708,708,0,38.375,110.125
709,709,0,38.375,110.375
710,710,0,38.375,110.625
711,711,0,38.375,110.875
712,712,0,38.375,111.125
713,713,0,38.375,111.375
714,714,0,38.375,111.625
715,715,0,38.375,111.875
716,716,0,38.375,112.125
717,717,0,38.375,112.375
718,718,0,38.375,112.625
719,719,0,38.375,112.875
720,720,0,38.375,113.125
721,721,0,38.375,113.375
722,722,0,38.625,105.875
723,723,0,38.625,106.125
724,724,0,38.625,106.375
725,725,0,38.625,106.625
726,726,0,38.625,106.875
727,727,0,38.625,107.125
728,728,0,38.625,107.375
729,729,0,38.625,107.625
730,730,0,38.625,107.875
731,731,0,38.625,108.125
732,732,0,38.625,108.375
733,733,0,38.625,108.625
734,734,0,38.625,108.875
735,735,0,38.625,109.125
736,736,0,38.625,109.375
737,737,0,38.625,109.625
738,738,0,38.625,109.875
739,739,0,38.625,110.125
740,740,0,38.625,110.375
741,741,0,38.625,110.625
742,742,0,38.625,110.875
743,743,0,38.625,111.125
744,744,0,38.625,111.375
745,745,0,38.625,111.625
746,746,0,38.625,111.875
747,747,0,38.625,112.125
748,748,0,38.625,112.375
749,749,0,38.625,112.625
750,750,0,38.625,112.875
751,751,0,38.625,113.125
752,752,0,38.625,113.375
753,753,0,38.875,106.125
754,754,0,38.875,106.375
755,755,0,38.875,106.625
756,756,0,38.875,106.875
757,757,0,38.875,107.125
758,758,0,38.875,107.375
759,759,0,38.875,107.625
760,760,0,38.875,107.875
761,761,0,38.875,108.125
762,762,0,38.875,108.375
763,763,0,38.875,108.625
764,764,0,38.875,108.875
765,765,0,38.875,109.125
766,766,0,38.875,109.375
767,767,0,38.875,109.625
768,768,0,38.875,109.875
769,769,0,38.875,110.125
770,770,0,38.875,110.375
771,771,0,38.875,110.625
772,772,0,38.875,110.875
773,773,0,38.875,111.125
774,774,0,38.875,111.375
775,775,0,38.875,111.625
776,776,0,38.875,111.875
777,777,0,38.875,112.125
778,778,0,38.875,112.375
779,779,0,38.875,112.625
780,780,0,38.875,112.875
781,781,0,38.875,113.125
782,782,0,38.875,113.375
783,783,0,38.875,113.625
784,784,0,39.125,106.125
785,785,0,39.125,106.375
786,786,0,39.125,106.625
787,787,0,39.125,106.875
788,788,0,39.125,107.125
789,789,0,39.125,107.375
790,790,0,39.125,107.625
791,791,0,39.125,107.875
792,792,0,39.125,108.125
793,793,0,39.125,108.375
794,794,0,39.125,108.625
795,795,0,39.125,108.875
796,796,0,39.125,109.125
797,797,0,39.125,109.375
798,798,0,39.125,109.625
799,799,0,39.125,109.875
800,800,0,39.125,110.125
801,801,0,39.125,110.375
802,802,0,39.125,110.625
803,803,0,39.125,110.875
804,804,0,39.125,111.125
805,805,0,39.125,111.375
806,806,0,39.125,111.625
807,807,0,39.125,111.875
808,808,0,39.125,112.125
809,809,0,39.125,112.375
810,810,0,39.125,112.625
811,811,0,39.125,112.875
812,812,0,39.125,113.125
813,813,0,39.125,113.375
814,814,0,39.125,113.625
815,815,0,39.125,113.875
816,816,0,39.125,114.125
817,817,0,39.375,106.875
818,818,0,39.375,107.125
819,819,0,39.375,107.375
820,820,0,39.375,107.625
821,821,0,39.375,107.875
822,822,0,39.375,108.125
823,823,0,39.375,108.375
824,824,0,39.375,108.625
825,825,0,39.375,108.875
826,826,0,39.375,109.125
827,827,0,39.375,109.375
828,828,0,39.375,109.625
829,829,0,39.375,109.875
830,830,0,39.375,110.125
831,831,0,39.375,110.375
832,832,0,39.375,110.625
833,833,0,39.375,110.875
834,834,0,39.375,111.125
835,835,0,39.375,111.375
836,836,0,39.375,111.625
837,837,0,39.375,111.875
838,838,0,39.375,112.125
839,839,0,39.375,112.375
840,840,0,39.375,112.625
841,841,0,39.375,112.875
842,842,0,39.375,113.125
843,843,0,39.375,113.375
844,844,0,39.375,113.625
845,845,0,39.375,113.875
846,846,0,39.375,114.125
847,847,0,39.375,114.375
848,848,0,39.625,106.875
849,849,0,39.625,107.125
850,850,0,39.625,107.375
851,851,0,39.625,107.625
852,852,0,39.625,107.875
853,853,0,39.625,108.125
854,854,0,39.625,108.375
855,855,0,39.625,108.625
856,856,0,39.625,108.875
857,857,0,39.625,109.125
858,858,0,39.625,109.375
859,859,0,39.625,109.625
860,860,0,39.625,109.875
861,861,0,39.625,110.125
862,862,0,39.625,110.375
863,863,0,39.625,110.625
864,864,0,39.625,110.875
865,865,0,39.625,111.125
866,866,0,39.625,111.375
867,867,0,39.625,111.625
868,868,0,39.625,111.875
869,869,0,39.625,112.125
870,870,0,39.625,112.375
871,871,0,39.625,112.625
872,872,0,39.625,112.875
873,873,0,39.625,113.125
874,874,0,39.625,113.375
875,875,0,39.625,113.625
876,876,0,39.625,113.875
877,877,0,39.625,114.125
878,878,0,39.625,114.375
879,879,0,39.875,106.875
880,880,0,39.875,107.125
881,881,0,39.875,107.375
882,882,0,39.875,107.625
883,883,0,39.875,107.875
884,884,0,39.875,108.125
885,885,0,39.875,108.375
886,886,0,39.875,108.625
887,887,0,39.875,108.875
888,888,0,39.875,109.125
889,889,0,39.875,109.375
890,890,0,39.875,109.625
891,891,0,39.875,109.875
892,892,0,39.875,110.125
893,893,0,39.875,110.375
894,894,0,39.875,110.625
895,895,0,39.875,110.875
896,896,0,39.875,111.125
897,897,0,39.875,111.375
898,898,0,39.875,111.625
899,899,0,39.875,111.875
900,900,0,39.875,112.125
901,901,0,39.875,112.375
902,902,0,39.875,112.625
903,903,0,39.875,112.875
904,904,0,39.875,113.125
905,905,0,39.875,113.375
906,906,0,39.875,113.625
907,907,0,39.875,113.875
908,908,0,39.875,114.125
909,909,0,39.875,114.375
910,910,0,40.125,106.875
911,911,0,40.125,107.125
912,912,0,40.125,107.375
913,913,0,40.125,107.625
914,914,0,40.125,107.875
915,915,0,40.125,108.125
916,916,0,40.125,108.375
917,917,0,40.125,108.625
918,918,0,40.125,108.875
919,919,0,40.125,109.125
920,920,0,40.125,109.375
921,921,0,40.125,109.625
922,922,0,40.125,109.875
923,923,0,40.125,110.125
924,924,0,40.125,110.375
925,925,0,40.125,110.625
926,926,0,40.125,110.875
927,927,0,40.125,111.125
928,928,0,40.125,111.375
929,929,0,40.125,111.625
930,930,0,40.125,111.875
931,931,0,40.125,112.125
932,932,0,40.125,112.375
933,933,0,40.125,112.625
934,934,0,40.125,112.875
935,935,0,40.125,113.125
936,936,0,40.125,113.375
937,937,0,40.125,113.625
938,938,0,40.125,113.875
939,939,0,40.375,106.625
940,940,0,40.375,106.875
941,941,0,40.375,107.125
942,942,0,40.375,107.375
943,943,0,40.375,107.625
944,944,0,40.375,107.875
945,945,0,40.375,108.125
946,946,0,40.375,108.375
947,947,0,40.375,108.625
948,948,0,40.375,108.875
949,949,0,40.375,109.125
950,950,0,40.375,109.375
951,951,0,40.375,109.625
952,952,0,40.375,109.875
953,953,0,40.375,110.125
954,954,0,40.375,110.375
955,955,0,40.375,110.625
956,956,0,40.375,110.875
957,957,0,40.375,111.125
958,958,0,40.375,111.375
959,959,0,40.375,111.625
960,960,0,40.375,111.875
961,961,0,40.375,112.125
962,962,0,40.375,112.375
963,963,0,40.375,112.625
964,964,0,40.375,112.875
965,965,0,40.375,113.125
966,966,0,40.375,113.375
967,967,0,40.375,113.625
968,968,0,40.375,113.875
969,969,0,40.375,114.125
970,970,0,40.625,106.375
971,971,0,40.625,106.625
972,972,0,40.625,106.875
973,973,0,40.625,107.125
974,974,0,40.625,107.375
975,975,0,40.625,107.625
976,976,0,40.625,107.875
977,977,0,40.625,108.125
978,978,0,40.625,108.375
979,979,0,40.625,108.625
980,980,0,40.625,108.875
981,981,0,40.625,109.125
982,982,0,40.625,109.375
983,983,0,40.625,109.625
984,984,0,40.625,109.875
985,985,0,40.625,110.125
986,986,0,40.625,110.375
987,987,0,40.625,110.625
988,988,0,40.625,110.875
989,989,0,40.625,111.125
990,990,0,40.625,111.375
991,991,0,40.625,111.625
992,992,0,40.625,111.875
993,993,0,40.625,112.125
994,994,0,40.625,112.375
995,995,0,40.625,112.625
996,996,0,40.625,112.875
997,997,0,40.625,113.125
998,998,0,40.625,113.375
999,999,0,40.625,113.625
1000,1000,0,40.625,114.125
1001,1001,0,40.875,106.375
1002,1002,0,40.875,106.875
1003,1003,0,40.875,107.125
1004,1004,0,40.875,107.375
1005,1005,0,40.875,107.625
1006,1006,0,40.875,107.875
1007,1007,0,40.875,108.125
1008,1008,0,40.875,108.375
1009,1009,0,40.875,108.625
1010,1010,0,40.875,108.875
1011,1011,0,40.875,109.125
1012,1012,0,40.875,109.375
1013,1013,0,40.875,109.625
1014,1014,0,40.875,109.875
1015,1015,0,40.875,110.125
1016,1016,0,40.875,110.375
1017,1017,0,40.875,110.625
1018,1018,0,40.875,110.875
1019,1019,0,40.875,111.125
1020,1020,0,40.875,111.375
1021,1021,0,40.875,111.625
1022,1022,0,40.875,111.875
1023,1023,0,40.875,112.125
1024,1024,0,40.875,112.375
1025,1025,0,40.875,112.625
1026,1026,0,40.875,112.875
1027,1027,0,41.125,107.125
1028,1028,0,41.125,107.375
1029,1029,0,41.125,107.625
1030,1030,0,41.125,107.875
1031,1031,0,41.125,108.125
1032,1032,0,41.125,108.375
1033,1033,0,41.125,108.625
1034,1034,0,41.125,108.875
1035,1035,0,41.125,109.125
1036,1036,0,41.125,109.375
1037,1037,0,41.125,109.625
1038,1038,0,41.125,109.875
1039,1039,0,41.125,110.125
1040,1040,0,41.125,110.375
1041,1041,0,41.125,110.625
1042,1042,0,41.125,110.875
1043,1043,0,41.125,111.125
1044,1044,0,41.125,111.375
1045,1045,0,41.125,111.625
1046,1046,0,41.125,111.875
1047,1047,0,41.125,112.125
1048,1048,0,41.125,112.375
1049,1049,0,41.125,112.625
1050,1050,0,41.375,109.875
1051,1051,0,41.375,110.125
1052,1052,0,41.375,112.125
1053,1053,0,41.375,112.375
1054,1054,0,41.375,112.625
1055,1055,0,41.625,112.375
1056,1056,0,41.625,112.625
